N <- 259
P <- 18
str <- 
c(1, 1, 1, 1, 1, 10, 1, 10, 1, 1, 1, 1, 1, 1, 1, 1, 1, 1)
end <- 
c(259, 259, 259, 259, 259, 250, 259, 250, 259, 259, 259, 259, 259, 259,
259, 259, 259, 259)
counts <- 
structure(c(9, 68, 4, 25, 50, 1, 4, 1, 23, 18, 32, 1, 41, 5, 81, 29, 79, 54, 0,
0, 0, 0, 0, 0, 0, 0, 0, 0, 0, 0, 0, 0, 0, 0, 0, 0, 0, 0, 0, 0, 0, 0, 0, 0, 0, 0,
0, 0, 0, 0, 0, 0, 0, 0, 0, 0, 0, 0, 0, 0, 0, 0, 0, 0, 0, 0, 0, 0, 0, 0, 0, 0, 0,
0, 0, 0, 0, 0, 0, 0, 0, 0, 0, 0, 0, 0, 0, 0, 0, 0, 0, 0, 0, 0, 0, 0, 0, 0, 0, 0,
0, 0, 0, 0, 0, 0, 0, 0, 0, 0, 0, 0, 0, 0, 0, 0, 0, 0, 0, 0, 0, 0, 0, 0, 0, 0, 0,
0, 0, 0, 0, 0, 0, 0, 0, 0, 0, 0, 0, 0, 0, 0, 0, 0, 0, 0, 0, 0, 0, 0, 0, 0, 0, 0,
0, 0, 0, 0, 0, 0, 0, 0, 3, 9, 2, 6, 5, 0, 0, 0, 4, 4, 1, 1, 7, 1, 4, 7, 5, 3, 0,
0, 0, 0, 0, 0, 0, 0, 0, 0, 0, 0, 0, 0, 0, 0, 0, 0, 0, 0, 0, 0, 0, 0, 0, 0, 0, 0,
0, 0, 0, 0, 0, 0, 0, 0, 0, 0, 0, 0, 0, 0, 0, 0, 0, 0, 0, 0, 0, 0, 0, 0, 0, 0, 0,
1, 0, 0, 1, 0, 0, 0, 1, 0, 1, 0, 1, 0, 2, 0, 2, 1, 0, 0, 0, 0, 0, 0, 0, 0, 0, 0,
0, 0, 0, 0, 0, 0, 0, 0, 0, 0, 0, 0, 0, 0, 0, 4, 0, 0, 0, 0, 0, 0, 0, 0, 0, 0, 0,
0, 0, 0, 0, 0, 0, 0, 0, 0, 0, 0, 0, 0, 0, 0, 0, 0, 0, 0, 0, 0, 5, 0, 0, 0, 4, 0,
4, 0, 1, 1, 10, 0, 8, 5, 3, 6, 1, 4, 2, 0, 0, 0, 0, 0, 0, 0, 0, 0, 0, 0, 0, 0,
0, 10, 0, 0, 1, 0, 1, 0, 0, 0, 0, 0, 3, 0, 2, 1, 1, 0, 2, 13, 0, 6, 4, 0, 1, 0,
2, 6, 3, 0, 10, 0, 8, 7, 7, 4, 1, 3, 1, 1, 1, 0, 0, 0, 0, 0, 0, 0, 1, 0, 0, 0,
0, 0, 2, 2, 2, 2, 2, 0, 0, 1, 0, 0, 0, 0, 0, 0, 1, 0, 1, 1, 0, 0, 0, 1, 0, 0, 0,
0, 0, 0, 0, 0, 0, 0, 0, 1, 0, 0, 0, 1, 1, 0, 0, 0, 0, 2, 0, 2, 1, 1, 1, 1, 1, 0,
1, 0, 0, 0, 0, 1, 2, 0, 0, 0, 2, 0, 2, 0, 0, 0, 2, 1, 3, 1, 0, 0, 0, 0, 0, 0, 0,
0, 0, 0, 0, 0, 0, 0, 0, 0, 0, 0, 0, 0, 0, 0, 0, 0, 0, 0, 0, 0, 0, 0, 0, 0, 0, 0,
0, 0, 1, 3, 1, 5, 1, 0, 0, 0, 0, 2, 2, 0, 1, 0, 4, 5, 4, 1, 0, 0, 0, 0, 0, 0, 0,
0, 0, 0, 0, 0, 0, 0, 0, 0, 0, 0, 0, 0, 0, 0, 0, 0, 0, 0, 0, 0, 0, 0, 1, 0, 1, 0,
2, 0, 0, 3, 1, 3, 6, 0, 0, 0, 2, 3, 4, 0, 3, 0, 9, 3, 9, 4, 0, 1, 0, 0, 0, 0, 0,
0, 1, 0, 0, 0, 1, 0, 1, 0, 0, 0, 3, 26, 1, 20, 32, 0, 1, 0, 11, 14, 13, 2, 28,
1, 63, 22, 65, 25, 0, 3, 0, 2, 2, 0, 1, 0, 2, 2, 1, 0, 5, 0, 3, 2, 3, 2, 1, 3,
1, 4, 8, 0, 0, 0, 2, 1, 3, 1, 2, 0, 10, 2, 10, 8, 0, 0, 0, 1, 1, 0, 0, 1, 0, 2,
0, 0, 1, 0, 4, 2, 3, 1, 0, 16, 0, 0, 1, 0, 2, 0, 2, 0, 0, 0, 9, 0, 1, 1, 1, 1,
0, 0, 0, 0, 0, 0, 0, 0, 0, 0, 0, 0, 0, 0, 0, 0, 0, 0, 0, 0, 0, 0, 1, 0, 0, 0, 0,
0, 1, 0, 0, 0, 1, 0, 1, 0, 0, 1, 0, 7, 4, 0, 1, 0, 2, 3, 8, 0, 2, 0, 16, 8, 15,
8, 0, 3, 0, 3, 0, 0, 0, 1, 0, 2, 0, 0, 2, 0, 1, 3, 1, 1, 0, 0, 0, 0, 0, 0, 0, 0,
0, 0, 0, 0, 0, 0, 0, 0, 0, 0, 0, 0, 0, 2, 0, 0, 0, 0, 0, 2, 0, 0, 2, 0, 0, 2, 1,
1, 0, 1, 0, 1, 8, 0, 0, 0, 1, 2, 0, 0, 3, 1, 7, 2, 8, 1, 1, 10, 1, 0, 1, 0, 0,
0, 0, 0, 0, 0, 6, 1, 0, 0, 0, 0, 0, 0, 0, 0, 0, 0, 0, 0, 0, 0, 2, 0, 0, 0, 1, 0,
1, 1, 0, 0, 0, 0, 0, 0, 0, 0, 0, 0, 3, 0, 0, 0, 0, 0, 0, 0, 0, 0, 0, 1, 0, 0, 0,
0, 0, 1, 0, 0, 0, 0, 0, 2, 0, 0, 0, 0, 0, 2, 1, 0, 0, 0, 1, 0, 1, 1, 1, 0, 1, 2,
2, 1, 3, 6, 2, 4, 2, 0, 0, 2, 1, 1, 0, 0, 1, 1, 0, 3, 0, 0, 0, 0, 0, 0, 0, 0, 0,
2, 0, 0, 0, 0, 0, 0, 0, 0, 0, 0, 0, 0, 0, 0, 0, 0, 0, 4, 0, 0, 0, 0, 0, 0, 0, 0,
0, 0, 1, 1, 0, 0, 0, 0, 0, 0, 0, 1, 1, 0, 1, 0, 1, 1, 1, 0, 0, 0, 0, 0, 0, 0, 0,
0, 0, 0, 0, 0, 0, 0, 0, 0, 0, 0, 0, 0, 0, 0, 0, 0, 0, 0, 0, 0, 0, 0, 0, 0, 0, 0,
0, 0, 0, 4, 0, 1, 2, 0, 0, 1, 0, 0, 1, 0, 4, 0, 3, 1, 2, 2, 0, 3, 1, 2, 1, 0, 0,
0, 0, 1, 1, 0, 0, 1, 3, 2, 3, 2, 0, 1, 0, 0, 0, 0, 0, 0, 0, 0, 1, 0, 0, 0, 1, 0,
1, 0, 2, 4, 2, 6, 8, 0, 0, 0, 2, 3, 2, 1, 3, 1, 10, 3, 11, 5, 0, 6, 0, 6, 18, 0,
0, 0, 9, 9, 29, 1, 5, 3, 50, 10, 48, 15, 1, 8, 3, 9, 21, 0, 0, 3, 12, 10, 45, 5,
10, 3, 53, 14, 57, 30, 1, 0, 1, 1, 1, 0, 0, 1, 0, 0, 0, 0, 0, 0, 1, 1, 0, 0, 0,
0, 0, 0, 1, 0, 0, 0, 0, 0, 1, 0, 0, 0, 1, 0, 1, 0, 0, 4, 1, 23, 0, 1, 0, 2, 1,
7, 0, 0, 2, 1, 1, 19, 0, 0, 0, 1, 0, 0, 1, 0, 1, 7, 2, 2, 0, 0, 1, 0, 1, 2, 1,
1, 5, 5, 4, 7, 1, 0, 0, 10, 0, 1, 0, 0, 0, 0, 1, 2, 1, 1, 0, 0, 1, 2, 3, 1, 0,
6, 0, 0, 2, 0, 2, 6, 8, 3, 9, 3, 0, 5, 0, 3, 1, 0, 0, 10, 0, 1, 3, 0, 3, 0, 2,
4, 2, 2, 2, 4, 1, 3, 2, 0, 1, 1, 0, 2, 1, 0, 0, 0, 1, 3, 2, 2, 1, 0, 3, 3, 3, 0,
0, 3, 3, 3, 0, 2, 2, 2, 8, 3, 7, 0, 2, 3, 9, 1, 2, 0, 0, 0, 0, 0, 1, 0, 2, 10,
1, 1, 2, 0, 0, 0, 2, 0, 0, 1, 0, 2, 0, 0, 4, 0, 1, 3, 1, 0, 2, 0, 2, 4, 2, 10,
0, 0, 0, 0, 0, 0, 0, 0, 1, 2, 0, 6, 0, 0, 0, 2, 1, 1, 1, 0, 0, 1, 1, 4, 0, 0, 1,
4, 3, 2, 2, 1, 0, 2, 32, 4, 2, 0, 0, 2, 0, 2, 2, 0, 1, 55, 8, 5, 8, 7, 1, 3, 12,
12, 4, 0, 0, 9, 1, 6, 2, 0, 1, 23, 6, 9, 5, 1, 0, 4, 12, 3, 6, 0, 1, 4, 2, 0, 5,
18, 3, 31, 9, 3, 13, 9, 0, 8, 1, 3, 1, 4, 0, 6, 0, 2, 1, 0, 5, 1, 2, 3, 2, 0, 3,
0, 39, 1, 7, 1, 0, 6, 1, 1, 1, 2, 3, 22, 10, 1, 10, 9, 2, 0, 4, 6, 5, 0, 0, 1,
3, 2, 7, 0, 4, 2, 10, 4, 15, 3, 5, 3, 4, 4, 5, 0, 0, 0, 0, 4, 1, 0, 1, 1, 3, 4,
3, 0, 0, 1, 1, 0, 1, 0, 0, 1, 2, 0, 1, 0, 1, 1, 5, 0, 5, 4, 2, 2, 2, 11, 3, 0,
0, 4, 0, 4, 1, 0, 1, 0, 2, 6, 2, 1, 7, 7, 6, 15, 10, 0, 0, 2, 3, 18, 2, 0, 4, 2,
16, 21, 14, 5, 0, 5, 11, 4, 25, 0, 0, 3, 4, 7, 19, 8, 9, 15, 50, 6, 70, 13, 2,
12, 7, 3, 32, 0, 1, 0, 9, 2, 19, 1, 8, 21, 66, 4, 91, 30, 2, 4, 7, 10, 9, 1, 0,
2, 4, 10, 9, 2, 5, 12, 21, 9, 20, 5, 2, 6, 9, 13, 9, 0, 1, 1, 5, 25, 6, 0, 5,
11, 16, 27, 24, 9, 1, 2, 2, 2, 9, 0, 0, 0, 0, 4, 4, 1, 0, 4, 16, 3, 24, 4, 0, 0,
1, 0, 3, 0, 1, 4, 11, 0, 1, 2, 2, 1, 14, 1, 9, 4, 4, 0, 8, 3, 9, 0, 0, 0, 0, 0,
6, 2, 0, 4, 12, 3, 16, 3, 7, 3, 15, 3, 33, 0, 0, 0, 4, 1, 16, 3, 2, 12, 38, 4,
65, 19, 0, 0, 9, 3, 6, 1, 0, 0, 4, 1, 5, 1, 2, 12, 18, 2, 20, 7, 1, 0, 5, 7, 4,
0, 0, 0, 0, 4, 9, 1, 2, 13, 10, 9, 18, 4, 0, 1, 7, 10, 15, 0, 0, 1, 3, 6, 17, 2,
6, 8, 36, 13, 44, 16, 3, 1, 4, 2, 16, 0, 2, 0, 2, 3, 18, 9, 2, 5, 35, 3, 54, 5,
4, 1, 6, 4, 16, 0, 0, 0, 2, 3, 10, 1, 2, 6, 23, 5, 29, 12, 0, 0, 5, 2, 8, 0, 0,
1, 2, 0, 6, 3, 0, 5, 21, 3, 21, 7, 0, 0, 15, 3, 10, 0, 0, 0, 2, 0, 11, 2, 0, 23,
22, 3, 27, 4, 0, 2, 1, 1, 5, 0, 0, 0, 2, 0, 5, 1, 1, 1, 8, 1, 10, 3, 2, 4, 0, 1,
2, 0, 0, 1, 0, 0, 2, 1, 0, 0, 3, 0, 4, 1, 3, 1, 5, 2, 10, 0, 0, 0, 0, 2, 7, 0,
0, 5, 11, 1, 15, 5, 0, 1, 2, 3, 32, 0, 0, 1, 3, 1, 8, 1, 0, 3, 16, 3, 30, 9, 1,
1, 2, 2, 18, 0, 0, 2, 2, 0, 5, 1, 1, 4, 13, 1, 20, 4, 3, 0, 3, 0, 12, 0, 0, 0,
5, 1, 7, 1, 0, 1, 16, 1, 18, 7, 6, 2, 21, 1, 10, 0, 0, 0, 0, 0, 7, 4, 0, 14, 5,
1, 8, 1, 2, 3, 4, 1, 5, 0, 0, 1, 2, 1, 2, 0, 0, 2, 6, 0, 9, 4, 0, 1, 2, 2, 3, 0,
0, 0, 0, 0, 0, 0, 1, 2, 2, 2, 5, 1, 0, 0, 3, 1, 3, 0, 0, 0, 2, 0, 8, 0, 0, 2, 8,
1, 10, 2, 0, 1, 0, 0, 3, 1, 0, 0, 0, 1, 3, 0, 2, 0, 10, 1, 10, 4, 0, 2, 0, 1, 5,
1, 0, 0, 1, 0, 3, 0, 2, 1, 22, 0, 13, 2, 0, 3, 3, 0, 8, 0, 0, 0, 0, 3, 1, 0, 0,
3, 10, 2, 11, 4, 2, 0, 6, 1, 8, 0, 0, 0, 2, 0, 6, 0, 2, 5, 18, 1, 17, 6, 2, 4,
3, 2, 8, 0, 0, 3, 0, 0, 3, 0, 1, 2, 6, 2, 10, 3, 0, 0, 0, 0, 4, 0, 0, 0, 1, 0,
3, 3, 2, 0, 4, 0, 5, 3, 0, 1, 0, 2, 4, 0, 0, 0, 0, 1, 0, 1, 1, 0, 4, 2, 7, 2, 0,
4, 0, 0, 0, 0, 0, 0, 0, 0, 2, 0, 1, 0, 0, 0, 0, 0, 1, 3, 0, 3, 0, 5, 0, 3, 1, 0,
4, 0, 0, 0, 2, 3, 0, 0, 1, 1, 0, 0, 8, 1, 0, 0, 0, 0, 8, 2, 0, 0, 2, 0, 10, 2,
5, 10, 2, 4, 1, 0, 0, 0, 0, 0, 3, 0, 3, 0, 2, 0, 4, 0, 0, 2, 0, 0, 2, 0, 0, 0,
0, 0, 3, 1, 0, 1, 4, 0, 3, 0, 0, 2, 1, 1, 0, 0, 0, 0, 3, 3, 2, 4, 1, 1, 4, 3, 3,
2, 0, 2, 0, 18, 2, 0, 1, 2, 1, 8, 0, 0, 1, 0, 1, 18, 2, 1, 0, 4, 0, 2, 10, 0, 0,
0, 0, 0, 0, 0, 0, 0, 9, 3, 13, 4, 2, 1, 2, 1, 3, 0, 0, 0, 0, 0, 1, 0, 0, 0, 0,
0, 0, 0, 1, 0, 0, 1, 3, 0, 0, 0, 1, 1, 1, 0, 0, 0, 4, 2, 7, 1, 2, 2, 2, 3, 14,
0, 4, 0, 3, 8, 19, 7, 1, 1, 27, 5, 51, 14, 0, 1, 0, 23, 1, 1, 0, 0, 0, 4, 6, 0,
2, 0, 1, 29, 4, 0, 0, 0, 0, 1, 2, 0, 0, 0, 0, 0, 9, 0, 0, 0, 2, 1, 4, 0, 0, 0,
0, 0, 6, 0, 0, 0, 0, 0, 1, 0, 1, 1, 3, 0, 8, 2, 0, 1, 3, 0, 1, 0, 0, 0, 5, 2, 3,
0, 0, 2, 4, 0, 2, 0, 0, 0, 3, 3, 0, 0, 0, 2, 0, 3, 0, 0, 0, 3, 0, 4, 0, 0, 1, 3,
4, 0, 2, 0, 0, 0, 0, 0, 7, 0, 4, 2, 7, 0, 4, 1, 0, 1, 0, 1, 0, 0, 1, 3, 9, 0, 4,
0, 0, 0, 3, 1, 1, 0, 1, 0, 1, 1, 1, 1, 0, 2, 0, 0, 1, 0, 0, 0, 1, 0, 1, 0, 0, 0,
1, 0, 6, 3, 1, 0, 5, 0, 1, 0, 0, 1, 13, 0, 10, 2, 0, 0, 3, 4, 4, 1, 0, 0, 2, 1,
2, 0, 0, 3, 8, 4, 6, 1, 0, 0, 3, 1, 1, 0, 0, 0, 0, 1, 0, 1, 0, 2, 0, 1, 0, 0, 1,
1, 7, 2, 6, 3, 0, 2, 8, 6, 3, 3, 1, 3, 12, 4, 2, 1, 1, 4, 4, 14, 2, 4, 0, 0, 0,
